{
 "cells": [
  {
   "cell_type": "markdown",
   "metadata": {
    "toc": true
   },
   "source": [
    "<h1>Table of Contents<span class=\"tocSkip\"></span></h1>\n",
    "<div class=\"toc\"><ul class=\"toc-item\"><li><span><a href=\"#Now-let’s-read-the-data-and-do-some-exploratory-data-analysis-to-understand-this-dataset-properly:\" data-toc-modified-id=\"Now-let’s-read-the-data-and-do-some-exploratory-data-analysis-to-understand-this-dataset-properly:-1\"><span class=\"toc-item-num\">1&nbsp;&nbsp;</span>Now let’s read the data and do some exploratory data analysis to understand this dataset properly:</a></span></li><li><span><a href=\"#Feature-Engineering\" data-toc-modified-id=\"Feature-Engineering-2\"><span class=\"toc-item-num\">2&nbsp;&nbsp;</span>Feature Engineering</a></span></li></ul></div>"
   ]
  },
  {
   "cell_type": "code",
   "execution_count": 1,
   "metadata": {
    "ExecuteTime": {
     "end_time": "2023-08-16T16:16:22.990942Z",
     "start_time": "2023-08-16T16:16:20.420243Z"
    }
   },
   "outputs": [
    {
     "data": {
      "text/html": [
       "        <script type=\"text/javascript\">\n",
       "        window.PlotlyConfig = {MathJaxConfig: 'local'};\n",
       "        if (window.MathJax) {MathJax.Hub.Config({SVG: {font: \"STIX-Web\"}});}\n",
       "        if (typeof require !== 'undefined') {\n",
       "        require.undef(\"plotly\");\n",
       "        requirejs.config({\n",
       "            paths: {\n",
       "                'plotly': ['https://cdn.plot.ly/plotly-2.8.3.min']\n",
       "            }\n",
       "        });\n",
       "        require(['plotly'], function(Plotly) {\n",
       "            window._Plotly = Plotly;\n",
       "        });\n",
       "        }\n",
       "        </script>\n",
       "        "
      ]
     },
     "metadata": {},
     "output_type": "display_data"
    }
   ],
   "source": [
    "import numpy as np # linear algebra\n",
    "import pandas as pd # data processing\n",
    "import seaborn as sns\n",
    "import matplotlib.pyplot as plt\n",
    "%matplotlib inline\n",
    "\n",
    "# Import statements required for Plotly \n",
    "import plotly.offline as py\n",
    "py.init_notebook_mode(connected=True)\n",
    "import plotly.graph_objs as go\n",
    "import plotly.tools as tls\n",
    "\n",
    "\n",
    "from sklearn.ensemble import RandomForestClassifier, GradientBoostingClassifier\n",
    "from sklearn.linear_model import LogisticRegression\n",
    "from sklearn.metrics import (accuracy_score, log_loss, classification_report)\n",
    "from imblearn.over_sampling import SMOTE\n",
    "import xgboost"
   ]
  },
  {
   "cell_type": "markdown",
   "metadata": {},
   "source": [
    "## Now let’s read the data and do some exploratory data analysis to understand this dataset properly:"
   ]
  },
  {
   "cell_type": "code",
   "execution_count": 2,
   "metadata": {
    "ExecuteTime": {
     "end_time": "2023-08-16T16:16:56.479119Z",
     "start_time": "2023-08-16T16:16:56.436876Z"
    }
   },
   "outputs": [],
   "source": [
    "attrition = pd.read_csv('WA_Fn-UseC_-HR-Employee-Attrition.csv')"
   ]
  },
  {
   "cell_type": "code",
   "execution_count": 3,
   "metadata": {
    "ExecuteTime": {
     "end_time": "2023-08-16T16:17:00.291715Z",
     "start_time": "2023-08-16T16:17:00.232529Z"
    }
   },
   "outputs": [
    {
     "data": {
      "text/html": [
       "<div>\n",
       "<style scoped>\n",
       "    .dataframe tbody tr th:only-of-type {\n",
       "        vertical-align: middle;\n",
       "    }\n",
       "\n",
       "    .dataframe tbody tr th {\n",
       "        vertical-align: top;\n",
       "    }\n",
       "\n",
       "    .dataframe thead th {\n",
       "        text-align: right;\n",
       "    }\n",
       "</style>\n",
       "<table border=\"1\" class=\"dataframe\">\n",
       "  <thead>\n",
       "    <tr style=\"text-align: right;\">\n",
       "      <th></th>\n",
       "      <th>Age</th>\n",
       "      <th>Attrition</th>\n",
       "      <th>BusinessTravel</th>\n",
       "      <th>DailyRate</th>\n",
       "      <th>Department</th>\n",
       "      <th>DistanceFromHome</th>\n",
       "      <th>Education</th>\n",
       "      <th>EducationField</th>\n",
       "      <th>EmployeeCount</th>\n",
       "      <th>EmployeeNumber</th>\n",
       "      <th>...</th>\n",
       "      <th>RelationshipSatisfaction</th>\n",
       "      <th>StandardHours</th>\n",
       "      <th>StockOptionLevel</th>\n",
       "      <th>TotalWorkingYears</th>\n",
       "      <th>TrainingTimesLastYear</th>\n",
       "      <th>WorkLifeBalance</th>\n",
       "      <th>YearsAtCompany</th>\n",
       "      <th>YearsInCurrentRole</th>\n",
       "      <th>YearsSinceLastPromotion</th>\n",
       "      <th>YearsWithCurrManager</th>\n",
       "    </tr>\n",
       "  </thead>\n",
       "  <tbody>\n",
       "    <tr>\n",
       "      <th>0</th>\n",
       "      <td>41</td>\n",
       "      <td>Yes</td>\n",
       "      <td>Travel_Rarely</td>\n",
       "      <td>1102</td>\n",
       "      <td>Sales</td>\n",
       "      <td>1</td>\n",
       "      <td>2</td>\n",
       "      <td>Life Sciences</td>\n",
       "      <td>1</td>\n",
       "      <td>1</td>\n",
       "      <td>...</td>\n",
       "      <td>1</td>\n",
       "      <td>80</td>\n",
       "      <td>0</td>\n",
       "      <td>8</td>\n",
       "      <td>0</td>\n",
       "      <td>1</td>\n",
       "      <td>6</td>\n",
       "      <td>4</td>\n",
       "      <td>0</td>\n",
       "      <td>5</td>\n",
       "    </tr>\n",
       "    <tr>\n",
       "      <th>1</th>\n",
       "      <td>49</td>\n",
       "      <td>No</td>\n",
       "      <td>Travel_Frequently</td>\n",
       "      <td>279</td>\n",
       "      <td>Research &amp; Development</td>\n",
       "      <td>8</td>\n",
       "      <td>1</td>\n",
       "      <td>Life Sciences</td>\n",
       "      <td>1</td>\n",
       "      <td>2</td>\n",
       "      <td>...</td>\n",
       "      <td>4</td>\n",
       "      <td>80</td>\n",
       "      <td>1</td>\n",
       "      <td>10</td>\n",
       "      <td>3</td>\n",
       "      <td>3</td>\n",
       "      <td>10</td>\n",
       "      <td>7</td>\n",
       "      <td>1</td>\n",
       "      <td>7</td>\n",
       "    </tr>\n",
       "    <tr>\n",
       "      <th>2</th>\n",
       "      <td>37</td>\n",
       "      <td>Yes</td>\n",
       "      <td>Travel_Rarely</td>\n",
       "      <td>1373</td>\n",
       "      <td>Research &amp; Development</td>\n",
       "      <td>2</td>\n",
       "      <td>2</td>\n",
       "      <td>Other</td>\n",
       "      <td>1</td>\n",
       "      <td>4</td>\n",
       "      <td>...</td>\n",
       "      <td>2</td>\n",
       "      <td>80</td>\n",
       "      <td>0</td>\n",
       "      <td>7</td>\n",
       "      <td>3</td>\n",
       "      <td>3</td>\n",
       "      <td>0</td>\n",
       "      <td>0</td>\n",
       "      <td>0</td>\n",
       "      <td>0</td>\n",
       "    </tr>\n",
       "    <tr>\n",
       "      <th>3</th>\n",
       "      <td>33</td>\n",
       "      <td>No</td>\n",
       "      <td>Travel_Frequently</td>\n",
       "      <td>1392</td>\n",
       "      <td>Research &amp; Development</td>\n",
       "      <td>3</td>\n",
       "      <td>4</td>\n",
       "      <td>Life Sciences</td>\n",
       "      <td>1</td>\n",
       "      <td>5</td>\n",
       "      <td>...</td>\n",
       "      <td>3</td>\n",
       "      <td>80</td>\n",
       "      <td>0</td>\n",
       "      <td>8</td>\n",
       "      <td>3</td>\n",
       "      <td>3</td>\n",
       "      <td>8</td>\n",
       "      <td>7</td>\n",
       "      <td>3</td>\n",
       "      <td>0</td>\n",
       "    </tr>\n",
       "    <tr>\n",
       "      <th>4</th>\n",
       "      <td>27</td>\n",
       "      <td>No</td>\n",
       "      <td>Travel_Rarely</td>\n",
       "      <td>591</td>\n",
       "      <td>Research &amp; Development</td>\n",
       "      <td>2</td>\n",
       "      <td>1</td>\n",
       "      <td>Medical</td>\n",
       "      <td>1</td>\n",
       "      <td>7</td>\n",
       "      <td>...</td>\n",
       "      <td>4</td>\n",
       "      <td>80</td>\n",
       "      <td>1</td>\n",
       "      <td>6</td>\n",
       "      <td>3</td>\n",
       "      <td>3</td>\n",
       "      <td>2</td>\n",
       "      <td>2</td>\n",
       "      <td>2</td>\n",
       "      <td>2</td>\n",
       "    </tr>\n",
       "    <tr>\n",
       "      <th>...</th>\n",
       "      <td>...</td>\n",
       "      <td>...</td>\n",
       "      <td>...</td>\n",
       "      <td>...</td>\n",
       "      <td>...</td>\n",
       "      <td>...</td>\n",
       "      <td>...</td>\n",
       "      <td>...</td>\n",
       "      <td>...</td>\n",
       "      <td>...</td>\n",
       "      <td>...</td>\n",
       "      <td>...</td>\n",
       "      <td>...</td>\n",
       "      <td>...</td>\n",
       "      <td>...</td>\n",
       "      <td>...</td>\n",
       "      <td>...</td>\n",
       "      <td>...</td>\n",
       "      <td>...</td>\n",
       "      <td>...</td>\n",
       "      <td>...</td>\n",
       "    </tr>\n",
       "    <tr>\n",
       "      <th>1465</th>\n",
       "      <td>36</td>\n",
       "      <td>No</td>\n",
       "      <td>Travel_Frequently</td>\n",
       "      <td>884</td>\n",
       "      <td>Research &amp; Development</td>\n",
       "      <td>23</td>\n",
       "      <td>2</td>\n",
       "      <td>Medical</td>\n",
       "      <td>1</td>\n",
       "      <td>2061</td>\n",
       "      <td>...</td>\n",
       "      <td>3</td>\n",
       "      <td>80</td>\n",
       "      <td>1</td>\n",
       "      <td>17</td>\n",
       "      <td>3</td>\n",
       "      <td>3</td>\n",
       "      <td>5</td>\n",
       "      <td>2</td>\n",
       "      <td>0</td>\n",
       "      <td>3</td>\n",
       "    </tr>\n",
       "    <tr>\n",
       "      <th>1466</th>\n",
       "      <td>39</td>\n",
       "      <td>No</td>\n",
       "      <td>Travel_Rarely</td>\n",
       "      <td>613</td>\n",
       "      <td>Research &amp; Development</td>\n",
       "      <td>6</td>\n",
       "      <td>1</td>\n",
       "      <td>Medical</td>\n",
       "      <td>1</td>\n",
       "      <td>2062</td>\n",
       "      <td>...</td>\n",
       "      <td>1</td>\n",
       "      <td>80</td>\n",
       "      <td>1</td>\n",
       "      <td>9</td>\n",
       "      <td>5</td>\n",
       "      <td>3</td>\n",
       "      <td>7</td>\n",
       "      <td>7</td>\n",
       "      <td>1</td>\n",
       "      <td>7</td>\n",
       "    </tr>\n",
       "    <tr>\n",
       "      <th>1467</th>\n",
       "      <td>27</td>\n",
       "      <td>No</td>\n",
       "      <td>Travel_Rarely</td>\n",
       "      <td>155</td>\n",
       "      <td>Research &amp; Development</td>\n",
       "      <td>4</td>\n",
       "      <td>3</td>\n",
       "      <td>Life Sciences</td>\n",
       "      <td>1</td>\n",
       "      <td>2064</td>\n",
       "      <td>...</td>\n",
       "      <td>2</td>\n",
       "      <td>80</td>\n",
       "      <td>1</td>\n",
       "      <td>6</td>\n",
       "      <td>0</td>\n",
       "      <td>3</td>\n",
       "      <td>6</td>\n",
       "      <td>2</td>\n",
       "      <td>0</td>\n",
       "      <td>3</td>\n",
       "    </tr>\n",
       "    <tr>\n",
       "      <th>1468</th>\n",
       "      <td>49</td>\n",
       "      <td>No</td>\n",
       "      <td>Travel_Frequently</td>\n",
       "      <td>1023</td>\n",
       "      <td>Sales</td>\n",
       "      <td>2</td>\n",
       "      <td>3</td>\n",
       "      <td>Medical</td>\n",
       "      <td>1</td>\n",
       "      <td>2065</td>\n",
       "      <td>...</td>\n",
       "      <td>4</td>\n",
       "      <td>80</td>\n",
       "      <td>0</td>\n",
       "      <td>17</td>\n",
       "      <td>3</td>\n",
       "      <td>2</td>\n",
       "      <td>9</td>\n",
       "      <td>6</td>\n",
       "      <td>0</td>\n",
       "      <td>8</td>\n",
       "    </tr>\n",
       "    <tr>\n",
       "      <th>1469</th>\n",
       "      <td>34</td>\n",
       "      <td>No</td>\n",
       "      <td>Travel_Rarely</td>\n",
       "      <td>628</td>\n",
       "      <td>Research &amp; Development</td>\n",
       "      <td>8</td>\n",
       "      <td>3</td>\n",
       "      <td>Medical</td>\n",
       "      <td>1</td>\n",
       "      <td>2068</td>\n",
       "      <td>...</td>\n",
       "      <td>1</td>\n",
       "      <td>80</td>\n",
       "      <td>0</td>\n",
       "      <td>6</td>\n",
       "      <td>3</td>\n",
       "      <td>4</td>\n",
       "      <td>4</td>\n",
       "      <td>3</td>\n",
       "      <td>1</td>\n",
       "      <td>2</td>\n",
       "    </tr>\n",
       "  </tbody>\n",
       "</table>\n",
       "<p>1470 rows × 35 columns</p>\n",
       "</div>"
      ],
      "text/plain": [
       "      Age Attrition     BusinessTravel  DailyRate              Department  \\\n",
       "0      41       Yes      Travel_Rarely       1102                   Sales   \n",
       "1      49        No  Travel_Frequently        279  Research & Development   \n",
       "2      37       Yes      Travel_Rarely       1373  Research & Development   \n",
       "3      33        No  Travel_Frequently       1392  Research & Development   \n",
       "4      27        No      Travel_Rarely        591  Research & Development   \n",
       "...   ...       ...                ...        ...                     ...   \n",
       "1465   36        No  Travel_Frequently        884  Research & Development   \n",
       "1466   39        No      Travel_Rarely        613  Research & Development   \n",
       "1467   27        No      Travel_Rarely        155  Research & Development   \n",
       "1468   49        No  Travel_Frequently       1023                   Sales   \n",
       "1469   34        No      Travel_Rarely        628  Research & Development   \n",
       "\n",
       "      DistanceFromHome  Education EducationField  EmployeeCount  \\\n",
       "0                    1          2  Life Sciences              1   \n",
       "1                    8          1  Life Sciences              1   \n",
       "2                    2          2          Other              1   \n",
       "3                    3          4  Life Sciences              1   \n",
       "4                    2          1        Medical              1   \n",
       "...                ...        ...            ...            ...   \n",
       "1465                23          2        Medical              1   \n",
       "1466                 6          1        Medical              1   \n",
       "1467                 4          3  Life Sciences              1   \n",
       "1468                 2          3        Medical              1   \n",
       "1469                 8          3        Medical              1   \n",
       "\n",
       "      EmployeeNumber  ...  RelationshipSatisfaction StandardHours  \\\n",
       "0                  1  ...                         1            80   \n",
       "1                  2  ...                         4            80   \n",
       "2                  4  ...                         2            80   \n",
       "3                  5  ...                         3            80   \n",
       "4                  7  ...                         4            80   \n",
       "...              ...  ...                       ...           ...   \n",
       "1465            2061  ...                         3            80   \n",
       "1466            2062  ...                         1            80   \n",
       "1467            2064  ...                         2            80   \n",
       "1468            2065  ...                         4            80   \n",
       "1469            2068  ...                         1            80   \n",
       "\n",
       "      StockOptionLevel  TotalWorkingYears  TrainingTimesLastYear  \\\n",
       "0                    0                  8                      0   \n",
       "1                    1                 10                      3   \n",
       "2                    0                  7                      3   \n",
       "3                    0                  8                      3   \n",
       "4                    1                  6                      3   \n",
       "...                ...                ...                    ...   \n",
       "1465                 1                 17                      3   \n",
       "1466                 1                  9                      5   \n",
       "1467                 1                  6                      0   \n",
       "1468                 0                 17                      3   \n",
       "1469                 0                  6                      3   \n",
       "\n",
       "     WorkLifeBalance  YearsAtCompany YearsInCurrentRole  \\\n",
       "0                  1               6                  4   \n",
       "1                  3              10                  7   \n",
       "2                  3               0                  0   \n",
       "3                  3               8                  7   \n",
       "4                  3               2                  2   \n",
       "...              ...             ...                ...   \n",
       "1465               3               5                  2   \n",
       "1466               3               7                  7   \n",
       "1467               3               6                  2   \n",
       "1468               2               9                  6   \n",
       "1469               4               4                  3   \n",
       "\n",
       "      YearsSinceLastPromotion  YearsWithCurrManager  \n",
       "0                           0                     5  \n",
       "1                           1                     7  \n",
       "2                           0                     0  \n",
       "3                           3                     0  \n",
       "4                           2                     2  \n",
       "...                       ...                   ...  \n",
       "1465                        0                     3  \n",
       "1466                        1                     7  \n",
       "1467                        0                     3  \n",
       "1468                        0                     8  \n",
       "1469                        1                     2  \n",
       "\n",
       "[1470 rows x 35 columns]"
      ]
     },
     "execution_count": 3,
     "metadata": {},
     "output_type": "execute_result"
    }
   ],
   "source": [
    "attrition"
   ]
  },
  {
   "cell_type": "markdown",
   "metadata": {
    "ExecuteTime": {
     "end_time": "2023-08-16T16:36:43.939298Z",
     "start_time": "2023-08-16T16:36:43.921314Z"
    }
   },
   "source": [
    "Finding Correlation\n",
    "The next step in a data exploration is to find the correlation matrix. By plotting a correlation matrix, we get a really good look at how the features relate to each other. \n",
    "In this correlation plot, I will be using the Plotly library in Python to produce an interactive Pearson correlation matrix via the Heatmap function as follows:"
   ]
  },
  {
   "cell_type": "code",
   "execution_count": 5,
   "metadata": {
    "ExecuteTime": {
     "end_time": "2023-08-16T16:37:53.887156Z",
     "start_time": "2023-08-16T16:37:53.880573Z"
    }
   },
   "outputs": [],
   "source": [
    "# Define a dictionary for the target mapping\n",
    "target_map = {'Yes':1, 'No':0}"
   ]
  },
  {
   "cell_type": "code",
   "execution_count": 6,
   "metadata": {
    "ExecuteTime": {
     "end_time": "2023-08-16T16:38:16.722853Z",
     "start_time": "2023-08-16T16:38:16.699451Z"
    }
   },
   "outputs": [],
   "source": [
    "#Use the pandas apply method to numerically encode our attrition target variable\n",
    "attrition[\"Attrition_numerical\"] = attrition[\"Attrition\"].apply(lambda x: target_map[x])"
   ]
  },
  {
   "cell_type": "code",
   "execution_count": 7,
   "metadata": {
    "ExecuteTime": {
     "end_time": "2023-08-16T16:39:00.735678Z",
     "start_time": "2023-08-16T16:39:00.727732Z"
    }
   },
   "outputs": [],
   "source": [
    "# creating a list of only numerical values\n",
    "numerical = [u'Age', u'DailyRate', u'DistanceFromHome', \n",
    "             u'Education', u'EmployeeNumber', u'EnvironmentSatisfaction',\n",
    "             u'HourlyRate', u'JobInvolvement', u'JobLevel', u'JobSatisfaction',\n",
    "             u'MonthlyIncome', u'MonthlyRate', u'NumCompaniesWorked',\n",
    "             u'PercentSalaryHike', u'PerformanceRating', u'RelationshipSatisfaction',\n",
    "             u'StockOptionLevel', u'TotalWorkingYears',\n",
    "             u'TrainingTimesLastYear', u'WorkLifeBalance', u'YearsAtCompany',\n",
    "             u'YearsInCurrentRole', u'YearsSinceLastPromotion',u'YearsWithCurrManager']"
   ]
  },
  {
   "cell_type": "code",
   "execution_count": 9,
   "metadata": {
    "ExecuteTime": {
     "end_time": "2023-08-16T17:03:20.986499Z",
     "start_time": "2023-08-16T17:03:19.803770Z"
    }
   },
   "outputs": [
    {
     "data": {
      "application/vnd.plotly.v1+json": {
       "config": {
        "linkText": "Export to plot.ly",
        "plotlyServerURL": "https://plot.ly",
        "showLink": false
       },
       "data": [
        {
         "colorscale": [
          [
           0,
           "#440154"
          ],
          [
           0.1111111111111111,
           "#482878"
          ],
          [
           0.2222222222222222,
           "#3e4989"
          ],
          [
           0.3333333333333333,
           "#31688e"
          ],
          [
           0.4444444444444444,
           "#26828e"
          ],
          [
           0.5555555555555556,
           "#1f9e89"
          ],
          [
           0.6666666666666666,
           "#35b779"
          ],
          [
           0.7777777777777778,
           "#6ece58"
          ],
          [
           0.8888888888888888,
           "#b5de2b"
          ],
          [
           1,
           "#fde725"
          ]
         ],
         "opacity": 1,
         "reversescale": false,
         "type": "heatmap",
         "x": [
          "Age",
          "DailyRate",
          "DistanceFromHome",
          "Education",
          "EmployeeNumber",
          "EnvironmentSatisfaction",
          "HourlyRate",
          "JobInvolvement",
          "JobLevel",
          "JobSatisfaction",
          "MonthlyIncome",
          "MonthlyRate",
          "NumCompaniesWorked",
          "PercentSalaryHike",
          "PerformanceRating",
          "RelationshipSatisfaction",
          "StockOptionLevel",
          "TotalWorkingYears",
          "TrainingTimesLastYear",
          "WorkLifeBalance",
          "YearsAtCompany",
          "YearsInCurrentRole",
          "YearsSinceLastPromotion",
          "YearsWithCurrManager"
         ],
         "y": [
          "Age",
          "DailyRate",
          "DistanceFromHome",
          "Education",
          "EmployeeNumber",
          "EnvironmentSatisfaction",
          "HourlyRate",
          "JobInvolvement",
          "JobLevel",
          "JobSatisfaction",
          "MonthlyIncome",
          "MonthlyRate",
          "NumCompaniesWorked",
          "PercentSalaryHike",
          "PerformanceRating",
          "RelationshipSatisfaction",
          "StockOptionLevel",
          "TotalWorkingYears",
          "TrainingTimesLastYear",
          "WorkLifeBalance",
          "YearsAtCompany",
          "YearsInCurrentRole",
          "YearsSinceLastPromotion",
          "YearsWithCurrManager"
         ],
         "z": [
          [
           1,
           0.010660942645538149,
           -0.0016861201480870135,
           0.20803373101424003,
           -0.010145467076855675,
           0.010146427861437251,
           0.02428654255096734,
           0.02981995862959055,
           0.5096042284323877,
           -0.004891877148687357,
           0.49785456692658075,
           0.028051167133922784,
           0.29963475798369266,
           0.0036335849148617645,
           0.0019038955127583738,
           0.053534719671228664,
           0.0375097124247778,
           0.6803805357911991,
           -0.019620818942698393,
           -0.021490027957098534,
           0.3113087697450993,
           0.21290105556556693,
           0.21651336785165384,
           0.20208860237515222
          ],
          [
           0.010660942645538149,
           1,
           -0.004985337352552674,
           -0.01680643320915765,
           -0.050990433654478126,
           0.018354854300385467,
           0.023381421528320238,
           0.04613487399781132,
           0.0029663348551117142,
           0.03057100783714411,
           0.007707058872006039,
           -0.032181601522581774,
           0.03815343427940969,
           0.022703677496334916,
           0.0004732963271882408,
           0.007846030957248321,
           0.042142796377206686,
           0.014514738706320859,
           0.002452542712083261,
           -0.037848051005781515,
           -0.034054767568547466,
           0.009932014960094184,
           -0.03322898478777197,
           -0.026363178228837648
          ],
          [
           -0.0016861201480870135,
           -0.004985337352552674,
           1,
           0.021041825624123364,
           0.032916407199243866,
           -0.016075326996493465,
           0.031130585611766015,
           0.008783279886444232,
           0.00530273055449623,
           -0.0036688391677204214,
           -0.01701444474527587,
           0.027472863548884053,
           -0.029250804197292986,
           0.04023537745919304,
           0.02710961848197604,
           0.006557474646578711,
           0.044871998853181376,
           0.004628425863783853,
           -0.036942234339916,
           -0.02655600410656897,
           0.009507719899011271,
           0.018844999108945663,
           0.010028835943115365,
           0.014406048430629939
          ],
          [
           0.20803373101424003,
           -0.01680643320915765,
           0.021041825624123364,
           1,
           0.042070093029328424,
           -0.027128313256511653,
           0.016774828880960865,
           0.042437634318608114,
           0.10158888624850132,
           -0.011296116736574009,
           0.09496067704188856,
           -0.026084197160047597,
           0.12631656017668416,
           -0.011110940860654199,
           -0.024538791164833422,
           -0.009118376696381497,
           0.01842222020401694,
           0.14827969653887266,
           -0.025100241137933486,
           0.009819189309781843,
           0.06911369603133874,
           0.060235554120695735,
           0.05425433359132035,
           0.06906537825528397
          ],
          [
           -0.010145467076855675,
           -0.050990433654478126,
           0.032916407199243866,
           0.042070093029328424,
           1,
           0.017620802485588,
           0.035179212418711185,
           -0.006887922987035419,
           -0.018519193974228312,
           -0.046246734939416716,
           -0.014828515873784741,
           0.012648229168459414,
           -0.001251032039801599,
           -0.012943995546151018,
           -0.0203588251469522,
           -0.06986141146763623,
           0.06222669251362312,
           -0.014365198461300408,
           0.02360316959192501,
           0.010308641437966677,
           -0.011240463708114035,
           -0.008416311998425857,
           -0.009019064206633747,
           -0.009196645292770457
          ],
          [
           0.010146427861437251,
           0.018354854300385467,
           -0.016075326996493465,
           -0.027128313256511653,
           0.017620802485588,
           1,
           -0.04985695620300049,
           -0.008277598171759227,
           0.001211699448913975,
           -0.006784352599075191,
           -0.006259087754780221,
           0.03759962286571541,
           0.012594323218943297,
           -0.03170119524179215,
           -0.029547952297681358,
           0.0076653835410744765,
           0.0034321577550576604,
           -0.0026930703885341364,
           -0.019359308347132335,
           0.027627295460115407,
           0.0014575491911166178,
           0.018007460142878566,
           0.016193605568453423,
           -0.0049987226281075076
          ],
          [
           0.02428654255096734,
           0.023381421528320238,
           0.031130585611766015,
           0.016774828880960865,
           0.035179212418711185,
           -0.04985695620300049,
           1,
           0.04286064097152996,
           -0.027853486405547332,
           -0.07133462437378851,
           -0.015794304380892906,
           -0.015296749550649706,
           0.022156883390196815,
           -0.009061986253740113,
           -0.0021716974278102176,
           0.0013304527859505607,
           0.05026339906511977,
           -0.002333681823322244,
           -0.008547685209270621,
           -0.004607233750264436,
           -0.019581616209121213,
           -0.02410622020878486,
           -0.02671558606433533,
           -0.020123200184066038
          ],
          [
           0.02981995862959055,
           0.04613487399781132,
           0.008783279886444232,
           0.042437634318608114,
           -0.006887922987035419,
           -0.008277598171759227,
           0.04286064097152996,
           1,
           -0.012629882671190917,
           -0.02147591033530702,
           -0.015271490778732858,
           -0.016322079053317184,
           0.01501241324311095,
           -0.017204572244480576,
           -0.029071333439070115,
           0.03429682061119727,
           0.021522640378023945,
           -0.005533182057407529,
           -0.015337825759428998,
           -0.014616593162761336,
           -0.02135542697962983,
           0.008716963497611708,
           -0.024184292365178967,
           0.025975807949088905
          ],
          [
           0.5096042284323877,
           0.0029663348551117142,
           0.00530273055449623,
           0.10158888624850132,
           -0.018519193974228312,
           0.001211699448913975,
           -0.027853486405547332,
           -0.012629882671190917,
           1,
           -0.0019437080267456803,
           0.950299913479854,
           0.039562951045684296,
           0.14250112381048835,
           -0.03473049227941859,
           -0.021222082108856632,
           0.021641510532591626,
           0.013983910528615518,
           0.7822078045362802,
           -0.01819055019354957,
           0.03781774559666627,
           0.5347386873756353,
           0.3894467328766716,
           0.35388534696410395,
           0.3752806077657263
          ],
          [
           -0.004891877148687357,
           0.03057100783714411,
           -0.0036688391677204214,
           -0.011296116736574009,
           -0.046246734939416716,
           -0.006784352599075191,
           -0.07133462437378851,
           -0.02147591033530702,
           -0.0019437080267456803,
           1,
           -0.007156742355912731,
           0.0006439169427039258,
           -0.05569942601274601,
           0.020002039364081937,
           0.0022971970637801426,
           -0.012453593161926874,
           0.01069022612075585,
           -0.02018507268501687,
           -0.005779334958609058,
           -0.019458710212974534,
           -0.003802627948288062,
           -0.0023047852298301056,
           -0.018213567810190918,
           -0.02765621388428996
          ],
          [
           0.49785456692658075,
           0.007707058872006039,
           -0.01701444474527587,
           0.09496067704188856,
           -0.014828515873784741,
           -0.006259087754780221,
           -0.015794304380892906,
           -0.015271490778732858,
           0.950299913479854,
           -0.007156742355912731,
           1,
           0.034813626134121846,
           0.14951521598969764,
           -0.027268586440314498,
           -0.017120138237390704,
           0.025873436137557375,
           0.005407676696812226,
           0.7728932462543548,
           -0.021736276823893293,
           0.030683081556940366,
           0.5142848257331964,
           0.36381766692870654,
           0.34497763816542787,
           0.3440788832587207
          ],
          [
           0.028051167133922784,
           -0.032181601522581774,
           0.027472863548884053,
           -0.026084197160047597,
           0.012648229168459414,
           0.03759962286571541,
           -0.015296749550649706,
           -0.016322079053317184,
           0.039562951045684296,
           0.0006439169427039258,
           0.034813626134121846,
           1,
           0.017521353415571556,
           -0.006429345946711349,
           -0.00981142848936072,
           -0.004085329337519465,
           -0.034322830206661034,
           0.026442471176015413,
           0.0014668806322857696,
           0.007963157516976974,
           -0.02365510670617723,
           -0.012814874370471655,
           0.0015667995146762359,
           -0.036745905336769295
          ],
          [
           0.29963475798369266,
           0.03815343427940969,
           -0.029250804197292986,
           0.12631656017668416,
           -0.001251032039801599,
           0.012594323218943297,
           0.022156883390196815,
           0.01501241324311095,
           0.14250112381048835,
           -0.05569942601274601,
           0.14951521598969764,
           0.017521353415571556,
           1,
           -0.010238309359925531,
           -0.014094872753535341,
           0.052733048564885456,
           0.03007547509689753,
           0.23763858978479374,
           -0.06605407172783631,
           -0.008365684790058657,
           -0.11842134024259048,
           -0.09075393370080816,
           -0.03681389238350813,
           -0.11031915543773214
          ],
          [
           0.0036335849148617645,
           0.022703677496334916,
           0.04023537745919304,
           -0.011110940860654199,
           -0.012943995546151018,
           -0.03170119524179215,
           -0.009061986253740113,
           -0.017204572244480576,
           -0.03473049227941859,
           0.020002039364081937,
           -0.027268586440314498,
           -0.006429345946711349,
           -0.010238309359925531,
           1,
           0.7735499964012668,
           -0.0404900810570771,
           0.00752774782052024,
           -0.02060848761769149,
           -0.005221012351720988,
           -0.0032796360093679373,
           -0.03599126243195386,
           -0.0015200265442777384,
           -0.022154312598866084,
           -0.011985248472361218
          ],
          [
           0.0019038955127583738,
           0.0004732963271882408,
           0.02710961848197604,
           -0.024538791164833422,
           -0.0203588251469522,
           -0.029547952297681358,
           -0.0021716974278102176,
           -0.029071333439070115,
           -0.021222082108856632,
           0.0022971970637801426,
           -0.017120138237390704,
           -0.00981142848936072,
           -0.014094872753535341,
           0.7735499964012668,
           1,
           -0.03135145544245493,
           0.003506471614809925,
           0.006743667905952884,
           -0.015578881739137221,
           0.002572361317682325,
           0.003435126115923952,
           0.03498626040719472,
           0.017896066144799612,
           0.022827168908479786
          ],
          [
           0.053534719671228664,
           0.007846030957248321,
           0.006557474646578711,
           -0.009118376696381497,
           -0.06986141146763623,
           0.0076653835410744765,
           0.0013304527859505607,
           0.03429682061119727,
           0.021641510532591626,
           -0.012453593161926874,
           0.025873436137557375,
           -0.004085329337519465,
           0.052733048564885456,
           -0.0404900810570771,
           -0.03135145544245493,
           1,
           -0.04595249071656096,
           0.02405429182134115,
           0.0024965263921170973,
           0.01960440570396862,
           0.019366786877455352,
           -0.015122914881937524,
           0.033492502069353614,
           -0.0008674968446255921
          ],
          [
           0.0375097124247778,
           0.042142796377206686,
           0.044871998853181376,
           0.01842222020401694,
           0.06222669251362312,
           0.0034321577550576604,
           0.05026339906511977,
           0.021522640378023945,
           0.013983910528615518,
           0.01069022612075585,
           0.005407676696812226,
           -0.034322830206661034,
           0.03007547509689753,
           0.00752774782052024,
           0.003506471614809925,
           -0.04595249071656096,
           1,
           0.01013596931890164,
           0.011274069611249013,
           0.004128730002871822,
           0.015058008028094429,
           0.05081787275393108,
           0.014352184864355582,
           0.02469822656302997
          ],
          [
           0.6803805357911991,
           0.014514738706320859,
           0.004628425863783853,
           0.14827969653887266,
           -0.014365198461300408,
           -0.0026930703885341364,
           -0.002333681823322244,
           -0.005533182057407529,
           0.7822078045362802,
           -0.02018507268501687,
           0.7728932462543548,
           0.026442471176015413,
           0.23763858978479374,
           -0.02060848761769149,
           0.006743667905952884,
           0.02405429182134115,
           0.01013596931890164,
           1,
           -0.03566157127961898,
           0.0010076456218964744,
           0.6281331552682479,
           0.4603646380118082,
           0.40485775850255995,
           0.4591883970831438
          ],
          [
           -0.019620818942698393,
           0.002452542712083261,
           -0.036942234339916,
           -0.025100241137933486,
           0.02360316959192501,
           -0.019359308347132335,
           -0.008547685209270621,
           -0.015337825759428998,
           -0.01819055019354957,
           -0.005779334958609058,
           -0.021736276823893293,
           0.0014668806322857696,
           -0.06605407172783631,
           -0.005221012351720988,
           -0.015578881739137221,
           0.0024965263921170973,
           0.011274069611249013,
           -0.03566157127961898,
           1,
           0.028072206603628903,
           0.003568665678427497,
           -0.005737504337956901,
           -0.00206653603800598,
           -0.0040955260212261965
          ],
          [
           -0.021490027957098534,
           -0.037848051005781515,
           -0.02655600410656897,
           0.009819189309781843,
           0.010308641437966677,
           0.027627295460115407,
           -0.004607233750264436,
           -0.014616593162761336,
           0.03781774559666627,
           -0.019458710212974534,
           0.030683081556940366,
           0.007963157516976974,
           -0.008365684790058657,
           -0.0032796360093679373,
           0.002572361317682325,
           0.01960440570396862,
           0.004128730002871822,
           0.0010076456218964744,
           0.028072206603628903,
           1,
           0.012089185354581271,
           0.04985649792220411,
